Novo Feixo
(-0.162707,0.787282),(-0.159308,0.936763),(-0.158508,0.95177),(-0.136793,0.823798),(-0.132279,0.926351),(-0.129892,0.650399),(-0.057873,0.940226),(-0.014039,0.952063),(-0.011508,0.666251),(-0.0063,0.889996),(0.026003,0.926256),(0.030716,0.60474),(0.221846,0.947572),(0.478337,0.847339),(0.594223,0.892542),(0.633858,0.939921),(0.675273,0.89089),(0.676649,0.851526),(0.765016,0.841629),(0.769607,0.961158),
Novo Feixo
(-0.162707,0.787282),(-0.136793,0.823798),(-0.132279,0.926351),(-0.158508,0.95177),(-0.159308,0.936763),
Novo Feixo
(-0.129892,0.650399),(-0.011508,0.666251),(-0.0063,0.889996),(-0.014039,0.952063),(-0.057873,0.940226),
Novo Feixo
(-0.132279,0.926351),(-0.129892,0.650399),(-0.136793,0.823798),(-0.129892,0.650399),(-0.162707,0.787282),(-0.129892,0.650399),(-0.162707,0.787282),(-0.129892,0.650399),
Novo Feixo
(-0.132279,0.926351),(-0.129892,0.650399),(-0.158508,0.95177),(-0.129892,0.650399),(-0.158508,0.95177),(-0.129892,0.650399),
Novo Feixo
(0.030716,0.60474),(0.594223,0.892542),(0.221846,0.947572),(0.026003,0.926256),
Novo Feixo
(0.765016,0.841629),(0.769607,0.961158),(0.633858,0.939921),(0.676649,0.851526),
Novo Feixo
(0.594223,0.892542),(0.633858,0.939921),(0.594223,0.892542),(0.676649,0.851526),(0.030716,0.60474),(0.676649,0.851526),(0.030716,0.60474),(0.765016,0.841629),(0.030716,0.60474),(0.765016,0.841629),
Novo Feixo
(0.221846,0.947572),(0.765016,0.841629),(0.221846,0.947572),(0.765016,0.841629),(0.221846,0.947572),(0.765016,0.841629),
Novo Feixo
(-0.129892,0.650399),(-0.011508,0.666251),(-0.0063,0.889996),(-0.014039,0.952063),(-0.158508,0.95177),(-0.159308,0.936763),(-0.162707,0.787282),
Novo Feixo
(0.765016,0.841629),(0.769607,0.961158),(0.221846,0.947572),(0.026003,0.926256),(0.030716,0.60474),
Novo Feixo
(-0.0063,0.889996),(0.026003,0.926256),(-0.011508,0.666251),(0.030716,0.60474),(-0.129892,0.650399),(0.030716,0.60474),(-0.129892,0.650399),(0.030716,0.60474),
Novo Feixo
(-0.014039,0.952063),(0.765016,0.841629),(-0.014039,0.952063),(0.765016,0.841629),(-0.014039,0.952063),(0.765016,0.841629),(-0.158508,0.95177),(0.765016,0.841629),(-0.158508,0.95177),(0.765016,0.841629),
Novo Feixo
(0.030716,0.60474),(0.765016,0.841629),(0.769607,0.961158),(-0.158508,0.95177),(-0.159308,0.936763),(-0.162707,0.787282),(-0.129892,0.650399),
Novo Feixo
(0.030716,0.60474),(0.765016,0.841629),(0.769607,0.961158),(-0.158508,0.95177),(-0.159308,0.936763),(-0.162707,0.787282),(-0.129892,0.650399),
Novo Feixo
(0.030716,0.60474),(0.765016,0.841629),(0.769607,0.961158),(-0.158508,0.95177),(-0.159308,0.936763),(-0.162707,0.787282),(-0.129892,0.650399),
Novo Feixo
(0.030716,0.60474),(0.765016,0.841629),(0.769607,0.961158),(-0.158508,0.95177),(-0.159308,0.936763),(-0.162707,0.787282),(-0.129892,0.650399),
