Novo Feixo
(0.403617,1.55306),(0.508141,1.56889),(0.632144,1.5636),(0.760419,1.53349),(0.836214,1.49088),(0.839145,1.53684),(0.921041,1.64083),(0.98033,1.50225),(0.998504,1.56734),(1.00649,1.63355),(1.01947,1.58412),
Novo Feixo
(0.98033,1.50225),(0.921041,1.64083),(0.839145,1.53684),
Novo Feixo
(0.998504,1.56734),(1.01947,1.58412),(1.00649,1.63355),
Novo Feixo
(0.98033,1.50225),(0.998504,1.56734),(0.98033,1.50225),(1.01947,1.58412),(0.98033,1.50225),(1.01947,1.58412),
Novo Feixo
(0.921041,1.64083),(0.998504,1.56734),(0.921041,1.64083),(0.998504,1.56734),
Novo Feixo
(0.836214,1.49088),(0.760419,1.53349),(0.632144,1.5636),(0.508141,1.56889),(0.403617,1.55306),
Novo Feixo
(1.01947,1.58412),(1.00649,1.63355),(0.921041,1.64083),(0.839145,1.53684),(0.98033,1.50225),
Novo Feixo
(0.836214,1.49088),(0.839145,1.53684),(0.836214,1.49088),(0.98033,1.50225),(0.836214,1.49088),(0.98033,1.50225),
Novo Feixo
(0.760419,1.53349),(1.01947,1.58412),(0.632144,1.5636),(1.01947,1.58412),(0.508141,1.56889),(1.01947,1.58412),(0.403617,1.55306),(1.01947,1.58412),(0.403617,1.55306),(1.01947,1.58412),
Novo Feixo
(0.98033,1.50225),(1.01947,1.58412),(1.00649,1.63355),(0.921041,1.64083),(0.403617,1.55306),(0.836214,1.49088),
Novo Feixo
(0.98033,1.50225),(1.01947,1.58412),(1.00649,1.63355),(0.921041,1.64083),(0.403617,1.55306),(0.836214,1.49088),
Novo Feixo
(0.98033,1.50225),(1.01947,1.58412),(1.00649,1.63355),(0.921041,1.64083),(0.403617,1.55306),(0.836214,1.49088),
Novo Feixo
(0.98033,1.50225),(1.01947,1.58412),(1.00649,1.63355),(0.921041,1.64083),(0.403617,1.55306),(0.836214,1.49088),
