Novo Feixo
(1.24237,-0.162697),(1.2524,-0.16619),(1.28042,0.027259),(1.28577,-0.057085),(1.28756,0.261518),(1.29403,0.156108),(1.31162,0.327205),(1.3183,0.582849),(1.32264,0.270964),(1.32469,-0.23158),(1.33346,0.673905),(1.33519,0.93721),(1.33758,0.446771),(1.34886,0.871958),(1.35079,0.153374),(1.35113,0.494571),(1.35469,0.441722),(1.36011,0.277356),(1.36273,1.177),(1.36409,1.13726),(1.36803,0.761282),(1.3703,0.878467),(1.37615,1.12423),(1.37943,0.627668),(1.39835,1.40037),(1.40111,1.52405),(1.40369,0.616849),(1.40607,1.79777),(1.40714,0.770955),(1.40777,1.51379),(1.41175,1.36028),(1.41215,-0.252829),(1.4153,1.14905),(1.41988,0.134386),(1.44021,0.296011),(1.44412,1.18449),(1.44638,2.00959),(1.44718,1.03857),(1.44737,2.1612),(1.47028,0.788557),(1.47174,0.389501),(1.47732,1.37205),(1.48743,1.90751),(1.49533,0.915578),(1.49754,2.02791),(1.50027,1.2177),(1.51383,1.4321),(1.51397,1.60993),(1.52317,1.06213),(1.52395,2.06182),(1.53151,0.927917),(1.53299,1.87668),(1.54077,1.51598),(1.54188,1.36309),(1.54794,1.64676),(1.55221,1.63548),(1.55336,1.76685),(1.55856,1.79608),(1.55866,1.41747),(1.55931,1.43555),(1.56093,1.71954),(1.56642,2.01564),(1.56829,2.08924),(1.57477,1.61155),(1.58367,1.63953),(1.58861,1.56704),(1.59191,1.80577),(1.59362,1.81358),
Novo Feixo
(1.2524,-0.16619),(1.28577,-0.057085),(1.28042,0.027259),(1.24237,-0.162697),
Novo Feixo
(1.29403,0.156108),(1.31162,0.327205),(1.3183,0.582849),(1.28756,0.261518),
Novo Feixo
(1.28577,-0.057085),(1.28756,0.261518),(1.28577,-0.057085),(1.29403,0.156108),(1.28577,-0.057085),(1.31162,0.327205),(1.28577,-0.057085),(1.31162,0.327205),
Novo Feixo
(1.28042,0.027259),(1.31162,0.327205),(1.24237,-0.162697),(1.31162,0.327205),(1.24237,-0.162697),(1.31162,0.327205),(1.24237,-0.162697),(1.31162,0.327205),
Novo Feixo
(1.32469,-0.23158),(1.33346,0.673905),(1.33519,0.93721),(1.32264,0.270964),
Novo Feixo
(1.35079,0.153374),(1.35469,0.441722),(1.34886,0.871958),(1.33758,0.446771),
Novo Feixo
(1.33519,0.93721),(1.33758,0.446771),(1.33346,0.673905),(1.33758,0.446771),(1.32469,-0.23158),(1.33758,0.446771),(1.32469,-0.23158),(1.35079,0.153374),(1.32469,-0.23158),(1.35079,0.153374),
Novo Feixo
(1.33519,0.93721),(1.35079,0.153374),(1.33519,0.93721),(1.35079,0.153374),
Novo Feixo
(1.31162,0.327205),(1.3183,0.582849),(1.24237,-0.162697),(1.2524,-0.16619),(1.28577,-0.057085),
Novo Feixo
(1.35079,0.153374),(1.35469,0.441722),(1.34886,0.871958),(1.33519,0.93721),(1.32264,0.270964),(1.32469,-0.23158),
Novo Feixo
(1.3183,0.582849),(1.32264,0.270964),(1.31162,0.327205),(1.32469,-0.23158),(1.28577,-0.057085),(1.32469,-0.23158),(1.2524,-0.16619),(1.32469,-0.23158),(1.24237,-0.162697),(1.32469,-0.23158),(1.24237,-0.162697),(1.32469,-0.23158),
Novo Feixo
(1.3183,0.582849),(1.34886,0.871958),(1.24237,-0.162697),(1.34886,0.871958),(1.24237,-0.162697),(1.34886,0.871958),
Novo Feixo
(1.36011,0.277356),(1.36803,0.761282),(1.36409,1.13726),(1.36273,1.177),
Novo Feixo
(1.37943,0.627668),(1.39835,1.40037),(1.37615,1.12423),(1.3703,0.878467),
Novo Feixo
(1.36803,0.761282),(1.3703,0.878467),(1.36011,0.277356),(1.37943,0.627668),(1.36011,0.277356),(1.37943,0.627668),
Novo Feixo
(1.36409,1.13726),(1.37943,0.627668),(1.36409,1.13726),(1.37943,0.627668),(1.36273,1.177),(1.37943,0.627668),(1.36273,1.177),(1.37943,0.627668),
Novo Feixo
(1.40369,0.616849),(1.40714,0.770955),(1.40607,1.79777),(1.40111,1.52405),
Novo Feixo
(1.41215,-0.252829),(1.41988,0.134386),(1.4153,1.14905),(1.41175,1.36028),(1.40777,1.51379),
Novo Feixo
(1.40714,0.770955),(1.40777,1.51379),(1.40714,0.770955),(1.41215,-0.252829),(1.40369,0.616849),(1.41215,-0.252829),(1.40369,0.616849),(1.41215,-0.252829),
Novo Feixo
(1.40607,1.79777),(1.41215,-0.252829),(1.40607,1.79777),(1.41215,-0.252829),(1.40607,1.79777),(1.41215,-0.252829),(1.40607,1.79777),(1.41215,-0.252829),
Novo Feixo
(1.37943,0.627668),(1.39835,1.40037),(1.36273,1.177),(1.36011,0.277356),
Novo Feixo
(1.41215,-0.252829),(1.41988,0.134386),(1.4153,1.14905),(1.40607,1.79777),(1.40111,1.52405),(1.40369,0.616849),
Novo Feixo
(1.39835,1.40037),(1.40111,1.52405),(1.39835,1.40037),(1.40369,0.616849),(1.37943,0.627668),(1.40369,0.616849),(1.36011,0.277356),(1.41215,-0.252829),(1.36011,0.277356),(1.41215,-0.252829),
Novo Feixo
(1.36273,1.177),(1.40607,1.79777),(1.36273,1.177),(1.40607,1.79777),
Novo Feixo
(1.32469,-0.23158),(1.35079,0.153374),(1.35469,0.441722),(1.34886,0.871958),(1.33519,0.93721),(1.24237,-0.162697),
Novo Feixo
(1.41215,-0.252829),(1.41988,0.134386),(1.4153,1.14905),(1.40607,1.79777),(1.36273,1.177),(1.36011,0.277356),
Novo Feixo
(1.35469,0.441722),(1.36011,0.277356),(1.35079,0.153374),(1.36011,0.277356),(1.32469,-0.23158),(1.41215,-0.252829),(1.32469,-0.23158),(1.41215,-0.252829),
Novo Feixo
(1.34886,0.871958),(1.41215,-0.252829),(1.33519,0.93721),(1.41215,-0.252829),(1.33519,0.93721),(1.41215,-0.252829),(1.24237,-0.162697),(1.41215,-0.252829),(1.24237,-0.162697),(1.41215,-0.252829),
Novo Feixo
(1.44021,0.296011),(1.44718,1.03857),(1.44638,2.00959),
Novo Feixo
(1.47174,0.389501),(1.47732,1.37205),(1.44737,2.1612),
Novo Feixo
(1.44718,1.03857),(1.44737,2.1612),(1.44718,1.03857),(1.47174,0.389501),(1.44021,0.296011),(1.47174,0.389501),(1.44021,0.296011),(1.47174,0.389501),
Novo Feixo
(1.44638,2.00959),(1.47174,0.389501),(1.44638,2.00959),(1.47174,0.389501),
Novo Feixo
(1.49533,0.915578),(1.50027,1.2177),(1.49754,2.02791),(1.48743,1.90751),
Novo Feixo
(1.53151,0.927917),(1.52395,2.06182),(1.51397,1.60993),(1.51383,1.4321),(1.52317,1.06213),
Novo Feixo
(1.50027,1.2177),(1.51383,1.4321),(1.49533,0.915578),(1.52317,1.06213),(1.49533,0.915578),(1.53151,0.927917),(1.49533,0.915578),(1.53151,0.927917),
Novo Feixo
(1.49754,2.02791),(1.53151,0.927917),(1.49754,2.02791),(1.53151,0.927917),(1.49754,2.02791),(1.53151,0.927917),
Novo Feixo
(1.47174,0.389501),(1.47732,1.37205),(1.44737,2.1612),(1.44638,2.00959),(1.44021,0.296011),
Novo Feixo
(1.53151,0.927917),(1.52395,2.06182),(1.49754,2.02791),(1.48743,1.90751),(1.49533,0.915578),
Novo Feixo
(1.47732,1.37205),(1.48743,1.90751),(1.47174,0.389501),(1.49533,0.915578),(1.47174,0.389501),(1.53151,0.927917),(1.47174,0.389501),(1.53151,0.927917),
Novo Feixo
(1.44737,2.1612),(1.53151,0.927917),(1.44737,2.1612),(1.53151,0.927917),(1.44737,2.1612),(1.53151,0.927917),(1.44737,2.1612),(1.53151,0.927917),
Novo Feixo
(1.54188,1.36309),(1.54794,1.64676),(1.53299,1.87668),
Novo Feixo
(1.55866,1.41747),(1.55856,1.79608),(1.55336,1.76685),(1.55221,1.63548),
Novo Feixo
(1.54794,1.64676),(1.55221,1.63548),(1.54188,1.36309),(1.55866,1.41747),(1.54188,1.36309),(1.55866,1.41747),
Novo Feixo
(1.53299,1.87668),(1.55866,1.41747),(1.53299,1.87668),(1.55866,1.41747),(1.53299,1.87668),(1.55866,1.41747),
Novo Feixo
(1.55931,1.43555),(1.56829,2.08924),(1.56642,2.01564),(1.56093,1.71954),
Novo Feixo
(1.58861,1.56704),(1.59362,1.81358),(1.59191,1.80577),(1.57477,1.61155),
Novo Feixo
(1.56829,2.08924),(1.57477,1.61155),(1.55931,1.43555),(1.57477,1.61155),(1.55931,1.43555),(1.58861,1.56704),(1.55931,1.43555),(1.58861,1.56704),
Novo Feixo
(1.56829,2.08924),(1.58861,1.56704),(1.56829,2.08924),(1.58861,1.56704),(1.56829,2.08924),(1.58861,1.56704),
Novo Feixo
(1.55866,1.41747),(1.55856,1.79608),(1.53299,1.87668),(1.54188,1.36309),
Novo Feixo
(1.58861,1.56704),(1.59362,1.81358),(1.56829,2.08924),(1.56642,2.01564),(1.56093,1.71954),(1.55931,1.43555),
Novo Feixo
(1.55866,1.41747),(1.55931,1.43555),(1.55866,1.41747),(1.58861,1.56704),(1.55866,1.41747),(1.58861,1.56704),
Novo Feixo
(1.55856,1.79608),(1.58861,1.56704),(1.55856,1.79608),(1.58861,1.56704),(1.53299,1.87668),(1.58861,1.56704),(1.53299,1.87668),(1.58861,1.56704),
Novo Feixo
(1.53151,0.927917),(1.52395,2.06182),(1.44737,2.1612),(1.44638,2.00959),(1.44021,0.296011),(1.47174,0.389501),
Novo Feixo
(1.58861,1.56704),(1.59362,1.81358),(1.56829,2.08924),(1.53299,1.87668),(1.54188,1.36309),(1.55866,1.41747),
Novo Feixo
(1.53151,0.927917),(1.53299,1.87668),(1.53151,0.927917),(1.54188,1.36309),(1.53151,0.927917),(1.55866,1.41747),(1.53151,0.927917),(1.58861,1.56704),(1.53151,0.927917),(1.58861,1.56704),
Novo Feixo
(1.52395,2.06182),(1.58861,1.56704),(1.52395,2.06182),(1.58861,1.56704),(1.44737,2.1612),(1.58861,1.56704),(1.44737,2.1612),(1.58861,1.56704),
Novo Feixo
(1.41215,-0.252829),(1.41988,0.134386),(1.4153,1.14905),(1.40607,1.79777),(1.24237,-0.162697),(1.32469,-0.23158),
Novo Feixo
(1.58861,1.56704),(1.59362,1.81358),(1.56829,2.08924),(1.44737,2.1612),(1.44638,2.00959),(1.44021,0.296011),(1.47174,0.389501),(1.53151,0.927917),
Novo Feixo
(1.41988,0.134386),(1.44021,0.296011),(1.41215,-0.252829),(1.47174,0.389501),(1.41215,-0.252829),(1.53151,0.927917),(1.41215,-0.252829),(1.53151,0.927917),
Novo Feixo
(1.4153,1.14905),(1.58861,1.56704),(1.40607,1.79777),(1.58861,1.56704),(1.40607,1.79777),(1.58861,1.56704),
Novo Feixo
(1.53151,0.927917),(1.58861,1.56704),(1.59362,1.81358),(1.56829,2.08924),(1.44737,2.1612),(1.40607,1.79777),(1.24237,-0.162697),(1.32469,-0.23158),(1.41215,-0.252829),
Novo Feixo
(1.53151,0.927917),(1.58861,1.56704),(1.59362,1.81358),(1.56829,2.08924),(1.44737,2.1612),(1.40607,1.79777),(1.24237,-0.162697),(1.32469,-0.23158),(1.41215,-0.252829),
Novo Feixo
(1.53151,0.927917),(1.58861,1.56704),(1.59362,1.81358),(1.56829,2.08924),(1.44737,2.1612),(1.40607,1.79777),(1.24237,-0.162697),(1.32469,-0.23158),(1.41215,-0.252829),
Novo Feixo
(1.53151,0.927917),(1.58861,1.56704),(1.59362,1.81358),(1.56829,2.08924),(1.44737,2.1612),(1.40607,1.79777),(1.24237,-0.162697),(1.32469,-0.23158),(1.41215,-0.252829),
