Novo Feixo
(1.03118,-1.0876),(1.04846,-1.18356),(1.05085,-1.13877),(1.12057,-1.10636),(1.16265,-1.23836),(1.16271,-1.08986),(1.16622,-1.19871),(1.16975,-0.847609),(1.17134,-0.872693),(1.17628,-1.0627),(1.2095,-0.894212),(1.21865,-1.22527),(1.22008,-1.13984),(1.22986,-0.929178),(1.23671,-0.987353),(1.25159,-1.17702),(1.30129,-0.997117),(1.33999,-1.25965),(1.3489,-1.11329),(1.36265,-0.994003),(1.38531,-1.1998),(1.38887,-0.909608),
Novo Feixo
(1.16622,-1.19871),(1.16975,-0.847609),(1.16271,-1.08986),
Novo Feixo
(1.17628,-1.0627),(1.2095,-0.894212),(1.17134,-0.872693),
Novo Feixo
(1.16975,-0.847609),(1.17134,-0.872693),(1.16622,-1.19871),(1.17628,-1.0627),(1.16622,-1.19871),(1.2095,-0.894212),(1.16622,-1.19871),(1.2095,-0.894212),
Novo Feixo
(1.16975,-0.847609),(1.17628,-1.0627),(1.16975,-0.847609),(1.17628,-1.0627),
Novo Feixo
(1.16265,-1.23836),(1.12057,-1.10636),(1.03118,-1.0876),(1.04846,-1.18356),
Novo Feixo
(1.2095,-0.894212),(1.16975,-0.847609),(1.16271,-1.08986),(1.16622,-1.19871),
Novo Feixo
(1.16265,-1.23836),(1.16271,-1.08986),(1.16265,-1.23836),(1.16622,-1.19871),(1.16265,-1.23836),(1.2095,-0.894212),(1.16265,-1.23836),(1.2095,-0.894212),
Novo Feixo
(1.12057,-1.10636),(1.2095,-0.894212),(1.03118,-1.0876),(1.2095,-0.894212),(1.03118,-1.0876),(1.2095,-0.894212),
Novo Feixo
(1.33999,-1.25965),(1.3489,-1.11329),(1.30129,-0.997117),
Novo Feixo
(1.38531,-1.1998),(1.38887,-0.909608),(1.36265,-0.994003),
Novo Feixo
(1.3489,-1.11329),(1.36265,-0.994003),(1.33999,-1.25965),(1.38531,-1.1998),(1.33999,-1.25965),(1.38531,-1.1998),
Novo Feixo
(1.30129,-0.997117),(1.38531,-1.1998),(1.30129,-0.997117),(1.38531,-1.1998),(1.30129,-0.997117),(1.38531,-1.1998),
Novo Feixo
(1.21865,-1.22527),(1.25159,-1.17702),(1.23671,-0.987353),(1.22986,-0.929178),(1.22008,-1.13984),
Novo Feixo
(1.38531,-1.1998),(1.38887,-0.909608),(1.30129,-0.997117),(1.33999,-1.25965),
Novo Feixo
(1.25159,-1.17702),(1.30129,-0.997117),(1.25159,-1.17702),(1.33999,-1.25965),(1.21865,-1.22527),(1.33999,-1.25965),(1.21865,-1.22527),(1.33999,-1.25965),
Novo Feixo
(1.23671,-0.987353),(1.38531,-1.1998),(1.22986,-0.929178),(1.38531,-1.1998),(1.22986,-0.929178),(1.38531,-1.1998),
Novo Feixo
(1.2095,-0.894212),(1.16975,-0.847609),(1.03118,-1.0876),(1.04846,-1.18356),(1.16265,-1.23836),
Novo Feixo
(1.33999,-1.25965),(1.38531,-1.1998),(1.38887,-0.909608),(1.22986,-0.929178),(1.22008,-1.13984),(1.21865,-1.22527),
Novo Feixo
(1.2095,-0.894212),(1.21865,-1.22527),(1.16265,-1.23836),(1.21865,-1.22527),(1.16265,-1.23836),(1.33999,-1.25965),(1.16265,-1.23836),(1.33999,-1.25965),
Novo Feixo
(1.2095,-0.894212),(1.22008,-1.13984),(1.2095,-0.894212),(1.22008,-1.13984),(1.2095,-0.894212),(1.22008,-1.13984),(1.16975,-0.847609),(1.22008,-1.13984),(1.16975,-0.847609),(1.22008,-1.13984),
Novo Feixo
(1.33999,-1.25965),(1.38531,-1.1998),(1.38887,-0.909608),(1.16975,-0.847609),(1.03118,-1.0876),(1.04846,-1.18356),(1.16265,-1.23836),
Novo Feixo
(1.33999,-1.25965),(1.38531,-1.1998),(1.38887,-0.909608),(1.16975,-0.847609),(1.03118,-1.0876),(1.04846,-1.18356),(1.16265,-1.23836),
Novo Feixo
(1.33999,-1.25965),(1.38531,-1.1998),(1.38887,-0.909608),(1.16975,-0.847609),(1.03118,-1.0876),(1.04846,-1.18356),(1.16265,-1.23836),
Novo Feixo
(1.33999,-1.25965),(1.38531,-1.1998),(1.38887,-0.909608),(1.16975,-0.847609),(1.03118,-1.0876),(1.04846,-1.18356),(1.16265,-1.23836),
