Novo Feixo
(0.949379,-2.23599),(0.997247,-2.10713),(1.00292,-2.01605),(1.02028,-2.15867),(1.07598,-1.75263),(1.07835,-1.83864),(1.09908,-1.6747),(1.13211,-1.50896),(1.14167,-1.68088),(1.1623,-1.48799),(1.16558,-1.48625),
Novo Feixo
(1.07835,-1.83864),(1.13211,-1.50896),(1.09908,-1.6747),
Novo Feixo
(1.14167,-1.68088),(1.16558,-1.48625),(1.1623,-1.48799),
Novo Feixo
(1.13211,-1.50896),(1.14167,-1.68088),(1.07835,-1.83864),(1.14167,-1.68088),(1.07835,-1.83864),(1.14167,-1.68088),
Novo Feixo
(1.13211,-1.50896),(1.14167,-1.68088),(1.13211,-1.50896),(1.14167,-1.68088),
Novo Feixo
(0.949379,-2.23599),(1.02028,-2.15867),(1.07598,-1.75263),(1.00292,-2.01605),
Novo Feixo
(1.14167,-1.68088),(1.16558,-1.48625),(1.1623,-1.48799),(1.13211,-1.50896),(1.09908,-1.6747),(1.07835,-1.83864),
Novo Feixo
(1.07598,-1.75263),(1.07835,-1.83864),(1.02028,-2.15867),(1.07835,-1.83864),(1.02028,-2.15867),(1.14167,-1.68088),(1.02028,-2.15867),(1.14167,-1.68088),
Novo Feixo
(1.07598,-1.75263),(1.16558,-1.48625),(1.07598,-1.75263),(1.16558,-1.48625),(1.00292,-2.01605),(1.16558,-1.48625),(1.00292,-2.01605),(1.16558,-1.48625),
Novo Feixo
(1.14167,-1.68088),(1.16558,-1.48625),(1.1623,-1.48799),(1.13211,-1.50896),(1.00292,-2.01605),(0.949379,-2.23599),(1.02028,-2.15867),
Novo Feixo
(1.14167,-1.68088),(1.16558,-1.48625),(1.1623,-1.48799),(1.13211,-1.50896),(1.00292,-2.01605),(0.949379,-2.23599),(1.02028,-2.15867),
Novo Feixo
(1.14167,-1.68088),(1.16558,-1.48625),(1.1623,-1.48799),(1.13211,-1.50896),(1.00292,-2.01605),(0.949379,-2.23599),(1.02028,-2.15867),
Novo Feixo
(1.14167,-1.68088),(1.16558,-1.48625),(1.1623,-1.48799),(1.13211,-1.50896),(1.00292,-2.01605),(0.949379,-2.23599),(1.02028,-2.15867),
