Novo Feixo
(0.890564,0.775897),(0.908846,0.871141),(0.911857,0.909727),(0.915531,0.974361),(0.935507,0.787697),(0.93887,1.02925),(0.939153,0.858516),(0.942924,1.03891),(0.947087,0.724173),(0.96613,0.904909),(0.992474,1.29163),(1.00609,1.0045),(1.01909,1.38418),(1.0411,0.885511),(1.04143,1.2471),(1.04241,1.24044),(1.04393,1.54923),(1.04661,0.833189),(1.04857,1.24046),(1.05321,0.843961),(1.06507,1.05017),(1.0736,0.781236),(1.07598,1.33576),(1.10844,1.63405),(1.12295,1.21511),(1.12704,1.08209),(1.12803,1.17996),(1.13047,1.37816),(1.13075,1.1724),(1.13244,0.987699),(1.13346,1.37265),(1.13791,1.1138),(1.14172,1.75864),(1.14848,1.45733),(1.15444,1.59785),(1.15628,1.14768),(1.15989,1.49353),(1.16056,0.542935),(1.17269,1.31013),(1.17331,0.68736),(1.17999,0.853003),(1.19836,1.29505),(1.19849,1.18763),(1.21269,1.04992),(1.21829,0.5733),(1.219,0.853955),(1.23159,0.675473),(1.24184,1.69708),(1.24196,1.62845),(1.24605,0.879346),(1.26358,0.709984),(1.26379,0.752558),(1.26502,1.75567),(1.28203,1.52156),(1.29198,0.90585),(1.29765,1.73184),(1.31747,1.38103),(1.32019,1.38673),(1.33395,1.73649),
Novo Feixo
(0.890564,0.775897),(0.908846,0.871141),(0.911857,0.909727),
Novo Feixo
(0.935507,0.787697),(0.939153,0.858516),(0.93887,1.02925),(0.915531,0.974361),
Novo Feixo
(0.911857,0.909727),(0.915531,0.974361),(0.911857,0.909727),(0.935507,0.787697),(0.908846,0.871141),(0.935507,0.787697),(0.890564,0.775897),(0.935507,0.787697),(0.890564,0.775897),(0.935507,0.787697),
Novo Feixo
(0.890564,0.775897),(0.935507,0.787697),(0.890564,0.775897),(0.935507,0.787697),
Novo Feixo
(0.947087,0.724173),(0.96613,0.904909),(0.942924,1.03891),
Novo Feixo
(1.0411,0.885511),(1.01909,1.38418),(0.992474,1.29163),(1.00609,1.0045),
Novo Feixo
(0.96613,0.904909),(0.992474,1.29163),(0.96613,0.904909),(1.00609,1.0045),(0.947087,0.724173),(1.0411,0.885511),(0.947087,0.724173),(1.0411,0.885511),
Novo Feixo
(0.942924,1.03891),(1.0411,0.885511),(0.942924,1.03891),(1.0411,0.885511),
Novo Feixo
(0.935507,0.787697),(0.939153,0.858516),(0.93887,1.02925),(0.915531,0.974361),(0.890564,0.775897),
Novo Feixo
(1.0411,0.885511),(1.01909,1.38418),(0.992474,1.29163),(0.942924,1.03891),(0.947087,0.724173),
Novo Feixo
(0.939153,0.858516),(0.942924,1.03891),(0.939153,0.858516),(0.947087,0.724173),(0.935507,0.787697),(0.947087,0.724173),(0.890564,0.775897),(0.947087,0.724173),(0.890564,0.775897),(0.947087,0.724173),
Novo Feixo
(0.93887,1.02925),(0.947087,0.724173),(0.915531,0.974361),(0.947087,0.724173),(0.915531,0.974361),(0.947087,0.724173),
Novo Feixo
(1.04241,1.24044),(1.04393,1.54923),(1.04143,1.2471),
Novo Feixo
(1.04661,0.833189),(1.05321,0.843961),(1.06507,1.05017),(1.04857,1.24046),
Novo Feixo
(1.04393,1.54923),(1.04661,0.833189),(1.04241,1.24044),(1.04661,0.833189),(1.04143,1.2471),(1.04661,0.833189),(1.04143,1.2471),(1.04661,0.833189),
Novo Feixo
(1.04393,1.54923),(1.06507,1.05017),(1.04393,1.54923),(1.06507,1.05017),(1.04393,1.54923),(1.06507,1.05017),
Novo Feixo
(1.0736,0.781236),(1.12295,1.21511),(1.10844,1.63405),(1.07598,1.33576),
Novo Feixo
(1.12704,1.08209),(1.13075,1.1724),(1.13047,1.37816),(1.12803,1.17996),
Novo Feixo
(1.12295,1.21511),(1.12704,1.08209),(1.0736,0.781236),(1.12704,1.08209),(1.0736,0.781236),(1.12704,1.08209),
Novo Feixo
(1.12295,1.21511),(1.12704,1.08209),(1.10844,1.63405),(1.12704,1.08209),(1.10844,1.63405),(1.12704,1.08209),
Novo Feixo
(1.04661,0.833189),(1.05321,0.843961),(1.06507,1.05017),(1.04393,1.54923),(1.04143,1.2471),
Novo Feixo
(1.12704,1.08209),(1.13075,1.1724),(1.13047,1.37816),(1.10844,1.63405),(1.07598,1.33576),(1.0736,0.781236),
Novo Feixo
(1.06507,1.05017),(1.0736,0.781236),(1.05321,0.843961),(1.0736,0.781236),(1.04661,0.833189),(1.0736,0.781236),(1.04661,0.833189),(1.0736,0.781236),
Novo Feixo
(1.06507,1.05017),(1.12704,1.08209),(1.04393,1.54923),(1.12704,1.08209),(1.04393,1.54923),(1.12704,1.08209),(1.04393,1.54923),(1.12704,1.08209),
Novo Feixo
(0.947087,0.724173),(1.0411,0.885511),(1.01909,1.38418),(0.992474,1.29163),(0.915531,0.974361),(0.890564,0.775897),
Novo Feixo
(1.0736,0.781236),(1.12704,1.08209),(1.13075,1.1724),(1.13047,1.37816),(1.10844,1.63405),(1.04393,1.54923),(1.04143,1.2471),(1.04661,0.833189),
Novo Feixo
(1.0411,0.885511),(1.04143,1.2471),(1.0411,0.885511),(1.04661,0.833189),(0.947087,0.724173),(1.04661,0.833189),(0.947087,0.724173),(1.0736,0.781236),(0.947087,0.724173),(1.0736,0.781236),
Novo Feixo
(1.01909,1.38418),(1.0736,0.781236),(1.01909,1.38418),(1.0736,0.781236),(0.992474,1.29163),(1.0736,0.781236),(0.915531,0.974361),(1.0736,0.781236),(0.915531,0.974361),(1.0736,0.781236),
Novo Feixo
(1.13244,0.987699),(1.13791,1.1138),(1.13346,1.37265),
Novo Feixo
(1.15628,1.14768),(1.15444,1.59785),(1.14172,1.75864),(1.14848,1.45733),
Novo Feixo
(1.13791,1.1138),(1.14172,1.75864),(1.13791,1.1138),(1.14848,1.45733),(1.13791,1.1138),(1.15628,1.14768),(1.13244,0.987699),(1.15628,1.14768),(1.13244,0.987699),(1.15628,1.14768),
Novo Feixo
(1.13346,1.37265),(1.15628,1.14768),(1.13346,1.37265),(1.15628,1.14768),
Novo Feixo
(1.16056,0.542935),(1.17331,0.68736),(1.17269,1.31013),(1.15989,1.49353),
Novo Feixo
(1.17999,0.853003),(1.21269,1.04992),(1.19836,1.29505),
Novo Feixo
(1.17331,0.68736),(1.17999,0.853003),(1.17331,0.68736),(1.21269,1.04992),(1.16056,0.542935),(1.21269,1.04992),(1.16056,0.542935),(1.21269,1.04992),
Novo Feixo
(1.17269,1.31013),(1.17999,0.853003),(1.17269,1.31013),(1.17999,0.853003),(1.15989,1.49353),(1.17999,0.853003),(1.15989,1.49353),(1.17999,0.853003),
Novo Feixo
(1.15628,1.14768),(1.15444,1.59785),(1.14172,1.75864),(1.13346,1.37265),(1.13244,0.987699),
Novo Feixo
(1.21269,1.04992),(1.19836,1.29505),(1.15989,1.49353),(1.16056,0.542935),
Novo Feixo
(1.15628,1.14768),(1.15989,1.49353),(1.15628,1.14768),(1.16056,0.542935),(1.13244,0.987699),(1.16056,0.542935),(1.13244,0.987699),(1.16056,0.542935),
Novo Feixo
(1.15444,1.59785),(6.72623e-44,0),(1.15444,1.59785),(6.72623e-44,0),(1.14172,1.75864),(6.72623e-44,0),(1.14172,1.75864),(6.72623e-44,0),
Novo Feixo
(1.21829,0.5733),(1.23159,0.675473),(1.219,0.853955),
Novo Feixo
(1.26358,0.709984),(1.24184,1.69708),(1.24196,1.62845),(1.24605,0.879346),
Novo Feixo
(1.23159,0.675473),(1.24184,1.69708),(1.23159,0.675473),(1.24196,1.62845),(1.23159,0.675473),(1.24605,0.879346),(1.23159,0.675473),(1.26358,0.709984),(1.21829,0.5733),(1.26358,0.709984),(1.21829,0.5733),(1.26358,0.709984),
Novo Feixo
(1.219,0.853955),(1.26358,0.709984),(1.219,0.853955),(1.26358,0.709984),
Novo Feixo
(1.26379,0.752558),(1.29198,0.90585),(1.28203,1.52156),(1.26502,1.75567),
Novo Feixo
(1.31747,1.38103),(1.32019,1.38673),(1.33395,1.73649),(1.29765,1.73184),
Novo Feixo
(1.29198,0.90585),(1.29765,1.73184),(1.29198,0.90585),(1.31747,1.38103),(1.29198,0.90585),(1.32019,1.38673),(1.29198,0.90585),(1.32019,1.38673),
Novo Feixo
(1.28203,1.52156),(1.32019,1.38673),(1.26502,1.75567),(1.32019,1.38673),(1.26502,1.75567),(1.32019,1.38673),(1.26502,1.75567),(1.32019,1.38673),
Novo Feixo
(1.26358,0.709984),(1.24184,1.69708),(1.219,0.853955),(1.21829,0.5733),
Novo Feixo
(1.32019,1.38673),(1.33395,1.73649),(1.26502,1.75567),(1.26379,0.752558),(1.29198,0.90585),
Novo Feixo
(1.26358,0.709984),(1.26379,0.752558),(1.26358,0.709984),(1.29198,0.90585),(1.26358,0.709984),(1.29198,0.90585),
Novo Feixo
(1.24184,1.69708),(1.32019,1.38673),(1.24184,1.69708),(1.32019,1.38673),
Novo Feixo
(1.16056,0.542935),(1.21269,1.04992),(1.19836,1.29505),(1.14172,1.75864),(1.13346,1.37265),(1.13244,0.987699),
Novo Feixo
(1.29198,0.90585),(1.32019,1.38673),(1.33395,1.73649),(1.26502,1.75567),(1.24184,1.69708),(1.219,0.853955),(1.21829,0.5733),(1.26358,0.709984),
Novo Feixo
(1.21269,1.04992),(1.21829,0.5733),(1.16056,0.542935),(1.21829,0.5733),(1.16056,0.542935),(1.21829,0.5733),
Novo Feixo
(1.21269,1.04992),(1.29198,0.90585),(1.21269,1.04992),(1.29198,0.90585),(1.19836,1.29505),(1.29198,0.90585),(1.14172,1.75864),(1.29198,0.90585),(1.14172,1.75864),(1.29198,0.90585),(1.14172,1.75864),(1.29198,0.90585),
Novo Feixo
(1.0736,0.781236),(1.12704,1.08209),(1.13075,1.1724),(1.13047,1.37816),(1.10844,1.63405),(1.04393,1.54923),(0.915531,0.974361),(0.890564,0.775897),(0.947087,0.724173),
Novo Feixo
(1.21829,0.5733),(1.26358,0.709984),(1.29198,0.90585),(1.32019,1.38673),(1.33395,1.73649),(1.26502,1.75567),(1.14172,1.75864),(1.13346,1.37265),(1.13244,0.987699),(1.16056,0.542935),
Novo Feixo
(1.13075,1.1724),(1.13244,0.987699),(1.12704,1.08209),(1.13244,0.987699),(1.0736,0.781236),(1.13244,0.987699),(1.0736,0.781236),(1.16056,0.542935),(0.947087,0.724173),(1.16056,0.542935),(0.947087,0.724173),(1.16056,0.542935),
Novo Feixo
(1.13047,1.37816),(1.13244,0.987699),(1.10844,1.63405),(1.13244,0.987699),(1.04393,1.54923),(1.13244,0.987699),(1.04393,1.54923),(1.13244,0.987699),
Novo Feixo
(1.16056,0.542935),(1.21829,0.5733),(1.26358,0.709984),(1.29198,0.90585),(1.32019,1.38673),(1.33395,1.73649),(1.26502,1.75567),(1.14172,1.75864),(1.04393,1.54923),(0.915531,0.974361),(0.890564,0.775897),(0.947087,0.724173),
Novo Feixo
(1.16056,0.542935),(1.21829,0.5733),(1.26358,0.709984),(1.29198,0.90585),(1.32019,1.38673),(1.33395,1.73649),(1.26502,1.75567),(1.14172,1.75864),(1.04393,1.54923),(0.915531,0.974361),(0.890564,0.775897),(0.947087,0.724173),
Novo Feixo
(1.16056,0.542935),(1.21829,0.5733),(1.26358,0.709984),(1.29198,0.90585),(1.32019,1.38673),(1.33395,1.73649),(1.26502,1.75567),(1.14172,1.75864),(1.04393,1.54923),(0.915531,0.974361),(0.890564,0.775897),(0.947087,0.724173),
Novo Feixo
(1.16056,0.542935),(1.21829,0.5733),(1.26358,0.709984),(1.29198,0.90585),(1.32019,1.38673),(1.33395,1.73649),(1.26502,1.75567),(1.14172,1.75864),(1.04393,1.54923),(0.915531,0.974361),(0.890564,0.775897),(0.947087,0.724173),
